 1000.00,    155.00,  -9999.00,  -9999.00,  -9999.00,  -9999.00
  925.00,    817.00,  -9999.00,  -9999.00,  -9999.00,  -9999.00
  850.00,   1525.00,  -9999.00,  -9999.00,  -9999.00,  -9999.00
  841.00,   1625.00,      3.40,      1.00,      0.00,      0.00
  837.00,   1663.68,      6.60,     -1.40,  -9999.00,  -9999.00
  832.00,   1712.70,      8.20,     -2.80,  -9999.00,  -9999.00
  824.00,   1792.57,     12.60,     -3.40,  -9999.00,  -9999.00
  820.40,   1829.00,     12.38,     -3.62,    300.00,     12.00
  811.00,   1924.86,     11.80,     -4.20,  -9999.00,  -9999.00
  801.00,   2028.06,     12.60,     -5.40,  -9999.00,  -9999.00
  790.73,   2134.00,     11.85,     -5.96,    300.00,     25.00
  762.00,   2438.00,      9.71,     -7.55,    305.00,     24.01
  734.22,   2743.00,      7.56,     -9.15,    325.00,     21.00
  707.45,   3048.00,      5.41,    -10.74,    335.00,     15.00
  700.00,   3135.00,      4.80,    -11.20,    340.00,     16.01
  656.11,   3658.00,      1.04,    -12.83,    340.00,     31.00
  639.00,   3871.46,     -0.50,    -13.50,  -9999.00,  -9999.00
  623.00,   4074.05,     -1.10,    -16.10,  -9999.00,  -9999.00
  615.00,   4177.16,     -1.30,    -13.30,  -9999.00,  -9999.00
  609.00,   4255.35,     -1.30,    -16.30,  -9999.00,  -9999.00
  608.11,   4267.00,     -1.39,    -16.14,    340.00,     29.99
  595.00,   4440.35,     -2.70,    -13.70,  -9999.00,  -9999.00
  589.00,   4520.75,     -2.70,    -18.70,  -9999.00,  -9999.00
  582.00,   4615.51,     -3.10,    -20.10,  -9999.00,  -9999.00
  566.00,   4836.49,     -2.70,    -13.70,  -9999.00,  -9999.00
  563.11,   4877.00,     -3.00,    -14.00,    345.00,     41.01
  549.00,   5077.67,     -4.50,    -15.50,  -9999.00,  -9999.00
  531.00,   5340.09,     -5.10,    -18.10,  -9999.00,  -9999.00
  521.20,   5486.00,     -6.23,    -19.23,    320.00,     41.01
  512.00,   5625.38,     -7.30,    -20.30,  -9999.00,  -9999.00
  500.00,   5810.00,     -8.10,    -22.10,    325.00,     44.00
  487.00,   6013.74,     -8.70,    -27.70,  -9999.00,  -9999.00
  481.82,   6096.00,     -9.25,    -28.25,    325.00,     50.00
  463.00,   6402.15,    -11.30,    -30.30,  -9999.00,  -9999.00
  426.00,   7032.03,    -17.10,    -31.10,  -9999.00,  -9999.00
  416.00,   7209.29,    -18.10,    -38.10,  -9999.00,  -9999.00
  400.00,   7500.00,    -20.50,    -40.50,    305.00,     49.01
  393.53,   7620.00,    -21.42,    -42.48,    305.00,     49.01
  382.00,   7839.07,    -23.10,    -46.10,  -9999.00,  -9999.00
  377.54,   7925.00,    -23.35,    -56.51,    305.00,     45.01
  375.00,   7974.45,    -23.50,    -62.50,  -9999.00,  -9999.00
  320.00,   9109.79,    -34.10,    -54.10,  -9999.00,  -9999.00
  318.44,   9144.00,    -34.18,    -54.37,    315.00,     46.00
  312.00,   9286.94,    -34.50,    -55.50,  -9999.00,  -9999.00
  300.00,   9560.00,    -36.50,    -59.50,    310.00,     50.00
  296.00,   9652.65,    -37.10,    -61.10,  -9999.00,  -9999.00
  263.00,  10454.02,    -44.90,    -57.90,  -9999.00,  -9999.00
  254.64,  10668.00,    -46.56,    -58.92,    320.00,     50.00
  250.00,  10790.00,    -47.50,    -59.50,    320.00,     50.99
  215.00,  11772.35,    -55.70,    -66.70,  -9999.00,  -9999.00
  201.20,  12192.00,    -59.73,    -67.07,    310.00,     54.99
  200.00,  12230.00,    -60.10,    -67.10,    310.00,     54.00
  191.00,  12515.15,    -62.50,    -68.50,  -9999.00,  -9999.00
  185.00,  12711.50,    -62.90,    -69.90,    325.00,     56.99
  181.00,  12846.17,    -61.90,    -69.90,  -9999.00,  -9999.00
  177.00,  12983.98,    -62.50,    -70.50,  -9999.00,  -9999.00
  174.00,  13089.39,    -61.90,    -71.90,  -9999.00,  -9999.00
  173.53,  13106.00,    -61.95,    -72.03,    345.00,     54.99
  157.13,  13716.00,    -63.88,    -76.86,    335.00,     52.00
  157.00,  13721.27,    -63.90,    -76.90,  -9999.00,  -9999.00
  150.00,  14000.00,    -64.30,    -79.30,    320.00,     58.00
  146.00,  14165.82,    -64.10,    -79.10,  -9999.00,  -9999.00
  137.00,  14551.11,    -65.77,    -81.07,    325.00,     77.99
  135.23,  14630.00,    -66.12,    -81.48,    325.00,     77.99
  122.27,  15240.00,    -68.77,    -84.60,    345.00,     75.00
  118.00,  15455.18,    -69.70,    -85.70,    335.00,     58.99
  113.00,  15714.82,    -68.10,    -85.10,  -9999.00,  -9999.00
  107.00,  16041.52,    -70.30,    -86.30,  -9999.00,  -9999.00
  106.00,  16097.78,    -67.90,    -84.90,  -9999.00,  -9999.00
  104.00,  16212.96,    -66.50,    -84.50,  -9999.00,  -9999.00
  100.00,  16450.00,    -68.10,    -86.10,    340.00,     50.99
   94.90,  16764.00,    -68.35,    -86.35,    335.00,     38.00
   92.10,  16943.22,    -68.50,    -86.50,  -9999.00,  -9999.00
   88.90,  17156.30,    -65.90,    -85.90,  -9999.00,  -9999.00
   85.77,  17374.00,    -65.80,    -86.30,    320.00,     46.00
   82.70,  17594.87,    -65.70,    -86.70,  -9999.00,  -9999.00
   81.59,  17678.00,    -65.13,    -86.81,    335.00,     48.00
   74.90,  18202.23,    -61.50,    -87.50,  -9999.00,  -9999.00
   73.87,  18288.00,    -61.75,    -88.16,    345.00,     35.00
   70.31,  18593.00,    -62.62,    -90.49,      0.00,     27.99
   70.00,  18620.00,    -62.70,    -90.70,      0.00,     29.99
   67.70,  18824.67,    -63.70,    -92.70,  -9999.00,  -9999.00
   65.30,  19045.36,    -63.50,    -93.50,  -9999.00,  -9999.00
   63.66,  19202.00,    -61.70,    -92.52,    350.00,     31.00
   63.30,  19236.65,    -61.30,    -92.30,  -9999.00,  -9999.00
   60.59,  19507.00,    -62.07,    -92.11,    330.00,     18.01
   60.50,  19515.79,    -62.10,    -92.10,  -9999.00,  -9999.00
   56.80,  19907.37,    -58.90,    -89.90,  -9999.00,  -9999.00
   54.92,  20117.00,    -59.66,    -90.66,    350.00,      2.00
   51.50,  20516.59,    -61.10,    -92.10,  -9999.00,  -9999.00
   50.00,  20700.00,    -59.90,    -90.90,    325.00,     17.00
   47.60,  21008.67,    -58.30,    -89.30,  -9999.00,  -9999.00
   47.43,  21031.00,    -58.36,    -89.36,    350.00,     20.01
   45.90,  21237.42,    -58.90,    -89.90,  -9999.00,  -9999.00
   45.19,  21336.00,    -57.84,    -89.43,    315.00,      6.99
   44.70,  21404.51,    -57.10,    -89.10,  -9999.00,  -9999.00
   41.04,  21946.00,    -56.33,    -88.33,    310.00,      2.99
   40.90,  21968.26,    -56.30,    -88.30,  -9999.00,  -9999.00
   36.50,  22687.15,    -59.10,    -90.10,  -9999.00,  -9999.00
   35.51,  22860.00,    -58.89,    -89.89,     20.00,     16.01
   33.83,  23165.00,    -58.51,    -89.51,    285.00,     10.99
   33.80,  23170.07,    -58.50,    -89.50,  -9999.00,  -9999.00
   32.50,  23418.49,    -55.70,    -87.70,  -9999.00,  -9999.00
   30.74,  23774.00,    -55.06,    -87.06,    325.00,     10.99
   30.30,  23866.13,    -54.90,    -86.90,  -9999.00,  -9999.00
   30.00,  23930.00,    -53.50,    -86.50,    310.00,      8.00
   29.80,  23973.08,    -52.90,    -85.90,  -9999.00,  -9999.00
   27.95,  24384.00,    -53.95,    -86.60,    225.00,      4.99
   24.80,  25149.53,    -55.90,    -87.90,  -9999.00,  -9999.00
   23.50,  25494.42,    -52.90,    -85.90,  -9999.00,  -9999.00
   23.11,  25603.00,    -52.59,    -85.74,    280.00,     36.00
   22.05,  25908.00,    -51.71,    -85.31,    290.00,     25.00
   21.10,  26192.34,    -50.90,    -84.90,  -9999.00,  -9999.00
   20.00,  26540.00,    -51.90,    -84.90,    285.00,     21.00
   19.50,  26703.73,    -52.70,    -85.70,  -9999.00,  -9999.00
   19.15,  26822.00,    -52.27,    -85.41,    275.00,     25.99
   17.43,  27432.00,    -50.02,    -83.91,    285.00,     20.01
   17.20,  27519.42,    -49.70,    -83.70,  -9999.00,  -9999.00
   16.63,  27737.00,    -50.45,    -84.11,    270.00,     14.01
   15.60,  28155.14,    -51.90,    -84.90,  -9999.00,  -9999.00
   15.15,  28346.00,    -51.28,    -84.46,    255.00,     25.99
   13.30,  29196.49,    -48.50,    -82.50,  -9999.00,  -9999.00
   12.60,  29551.37,    -49.50,    -83.50,  -9999.00,  -9999.00
   10.94,  30480.00,    -48.61,    -82.61,    265.00,     24.01
   10.10,  31004.31,    -48.10,    -82.10,  -9999.00,  -9999.00
   10.00,  31070.00,    -47.30,    -82.30,    270.00,     21.00
    9.97,  31090.00,    -47.18,    -82.18,    270.00,     21.00
    9.90,  31136.50,    -46.90,    -81.90,  -9999.00,  -9999.00
